-32 -31.8233 -27.2314 -18.5765  
-32 -31.8233 -27.2314 -18.5765  
-32 -31.8233 -27.2314 -18.5765  
-32 -31.8233 -27.2314 -18.5765  
-32 -31.8233 -27.2314 -18.5765  
-32 -31.8233 -27.2314 -18.5765  
-32 -31.8233 -27.2314 -18.5765  
-32 -31.8233 -27.2314 -18.5765  
-32 -31.8233 -27.2314 -18.5765  
-32 -31.8233 -27.2314 -18.5765  
-32 -31.8233 -27.2314 -18.5765  
-32 -31.8233 -27.2314 -18.5765  
-32 -31.8233 -27.2314 -18.5765  
-32 -31.8233 -27.2314 -18.5765  
-32 -31.8233 -27.2314 -18.5765  
-32 -31.8233 -27.2314 -18.5765  
-32 -31.8233 -27.2314 -18.5765  
-32 -31.8233 -27.2314 -18.5765  
-32 -31.8233 -27.2314 -18.5765  
-32 -31.8233 -27.2314 -18.5765  
-32 -31.8233 -27.2314 -18.5765  
-32 -31.8233 -27.2314 -18.5765  
-32 -31.8233 -27.2314 -18.5765  
-32 -31.8233 -27.2314 -18.5765  
-32 -31.8233 -27.2314 -18.5765  
-32 -31.8233 -27.2314 -18.5765  
-32 -31.8233 -27.2314 -18.5765  
-32 -31.8233 -27.2314 -18.5765  
-32 -31.8233 -27.2314 -18.5765  
-32 -31.8233 -27.2314 -18.5765  
-32 -31.8253 -25.9211 -15.6722  
-32 -31.8253 -25.9211 -15.6722  
-32 -31.8253 -25.9211 -15.6722  
-32 -31.8253 -25.9211 -15.6722  
-32 -31.8253 -25.9211 -15.6722  
-32 -31.8253 -25.9211 -15.6722  
-32 -31.8253 -25.9211 -15.6722  
-32 -31.8253 -25.9211 -15.6722  
-32 -31.8253 -25.9211 -15.6722  
-32 -31.8253 -25.9211 -15.6722  
-32 -31.8253 -25.9211 -15.6722  
-32 -31.8253 -25.9211 -15.6722  
-32 -31.8253 -25.9211 -15.6722  
-32 -31.8253 -25.9211 -15.6722  
-32 -31.8253 -25.9211 -15.6722  
-32 -31.8253 -25.9211 -15.6722  
-32 -31.8253 -25.9211 -15.6722  
-32 -31.8253 -25.9211 -15.6722  
-32 -31.8253 -25.9211 -15.6722  
-32 -31.8253 -25.9211 -15.6722  
-32 -31.8253 -25.9211 -15.6722  
-32 -31.8253 -25.9211 -15.6722  
-32 -31.8253 -25.9211 -15.6722  
-32 -31.8253 -25.9211 -15.6722  
-32 -31.8253 -25.9211 -15.6722  
-32 -31.8253 -25.9211 -15.6722  
-32 -31.8253 -25.9211 -15.6722  
-32 -31.8253 -25.9211 -15.6722  
-32 -31.8253 -25.9211 -15.6722  
-32 -31.8253 -25.9211 -15.6722  
-32 -31.824 -27.157 -16.3651  
-32 -31.824 -27.157 -16.3651  
-32 -31.824 -27.157 -16.3651  
-32 -31.824 -27.157 -16.3651  
-32 -31.824 -27.157 -16.3651  
-32 -31.824 -27.157 -16.3651  
-32 -31.824 -27.157 -16.3651  
-32 -31.824 -27.157 -16.3651  
-32 -31.824 -27.157 -16.3651  
-32 -31.824 -27.157 -16.3651  
-32 -31.824 -27.157 -16.3651  
-32 -31.824 -27.157 -16.3651  
-32 -31.824 -27.157 -16.3651  
-32 -31.824 -27.157 -16.3651  
-32 -31.824 -27.157 -16.3651  
-32 -31.824 -27.157 -16.3651  
-32 -31.824 -27.157 -16.3651  
-32 -31.824 -27.157 -16.3651  
-32 -31.824 -27.157 -16.3651  
-32 -31.824 -27.157 -16.3651  
-32 -31.824 -27.157 -16.3651  
-32 -31.824 -27.157 -16.3651  
-32 -31.824 -27.157 -16.3651  
-32 -31.824 -27.157 -16.3651  
-32 -31.824 -27.157 -16.3651  
-32 -31.824 -27.157 -16.3651  
-32 -31.824 -27.157 -16.3651  
-32 -31.824 -27.157 -16.3651  
-32 -31.824 -27.157 -16.3651  
-32 -31.824 -27.157 -16.3651  
-32 -31.8235 -27.5541 -16.6722  
-32 -31.8235 -27.5541 -16.6722  
-32 -31.8235 -27.5541 -16.6722  
-32 -31.8235 -27.5541 -16.6722  
-32 -31.8235 -27.5541 -16.6722  
-32 -31.8235 -27.5541 -16.6722  
-32 -31.8235 -27.5541 -16.6722  
-32 -31.8235 -27.5541 -16.6722  
-32 -31.8235 -27.5541 -16.6722  
-32 -31.8235 -27.5541 -16.6722  
-32 -31.8235 -27.5541 -16.6722  
-32 -31.8235 -27.5541 -16.6722  
-32 -31.8235 -27.5541 -16.6722  
-32 -31.8235 -27.5541 -16.6722  
-32 -31.8235 -27.5541 -16.6722  
-32 -31.8235 -27.5541 -16.6722  
-32 -31.8235 -27.5541 -16.6722  
-32 -31.8235 -27.5541 -16.6722  
-32 -31.8235 -27.5541 -16.6722  
-32 -31.8235 -27.5541 -16.6722  
-32 -31.8235 -27.5541 -16.6722  
-32 -31.8235 -27.5541 -16.6722  
-32 -31.8235 -27.5541 -16.6722  
-32 -31.8235 -27.5541 -16.6722  
-32 -31.8235 -27.5541 -16.6722  
-32 -31.8235 -27.5541 -16.6722  
-32 -31.8235 -27.5541 -16.6722  
-32 -31.8235 -27.5541 -16.6722  
-32 -31.8235 -27.5541 -16.6722  
-32 -31.8235 -27.5541 -16.6722  
