-32 -31.8037 -23.9292 -12.3794  
-32 -31.8233 -27.2314 -18.5765  
-32 -31.8233 -27.2314 -18.5765  
-32 -31.8233 -27.2314 -18.5765  
-32 -31.8233 -27.2314 -18.5765  
-32 -31.8233 -27.2314 -18.5765  
-32 -31.8233 -27.2314 -18.5765  
-32 -31.8233 -27.2314 -18.5765  
-32 -31.8233 -27.2314 -18.5765  
-32 -31.8233 -27.2314 -18.5765  
-32 -31.8233 -27.2314 -18.5765  
-32 -31.8233 -27.2314 -18.5765  
-32 -31.8233 -27.2314 -18.5765  
-32 -31.8233 -27.2314 -18.5765  
-32 -31.8233 -27.2314 -18.5765  
-32 -31.8233 -27.2314 -18.5765  
-32 -31.8233 -27.2314 -18.5765  
-32 -31.8233 -27.2314 -18.5765  
-32 -31.8233 -27.2314 -18.5765  
-32 -31.8233 -27.2314 -18.5765  
-32 -31.8233 -27.2314 -18.5765  
-32 -31.8233 -27.2314 -18.5765  
-32 -31.8233 -27.2314 -18.5765  
-32 -31.8233 -27.2314 -18.5765  
-32 -31.8233 -27.2314 -18.5765  
-32 -31.8233 -27.2314 -18.5765  
-32 -31.8233 -27.2314 -18.5765  
-32 -31.8233 -27.2314 -18.5765  
-32 -31.8233 -27.2314 -18.5765  
-32 -31.8233 -27.2314 -18.5765  
-32 -31.847 -26.6923 -15.2463  
-32 -31.8253 -25.9211 -15.6722  
-32 -31.8253 -25.9211 -15.6722  
-32 -31.8253 -25.9211 -15.6722  
-32 -31.8253 -25.9211 -15.6722  
-32 -31.8253 -25.9211 -15.6722  
-32 -31.8253 -25.9211 -15.6722  
-32 -31.8253 -25.9211 -15.6722  
-32 -31.8253 -25.9211 -15.6722  
-32 -31.8253 -25.9211 -15.6722  
-32 -31.8253 -25.9211 -15.6722  
-32 -31.8253 -25.9211 -15.6722  
-32 -31.8253 -25.9211 -15.6722  
-32 -31.8253 -25.9211 -15.6722  
-32 -31.8253 -25.9211 -15.6722  
-32 -31.8253 -25.9211 -15.6722  
-32 -31.8253 -25.9211 -15.6722  
-32 -31.8253 -25.9211 -15.6722  
-32 -31.8253 -25.9211 -15.6722  
-32 -31.8253 -25.9211 -15.6722  
-32 -31.8253 -25.9211 -15.6722  
-32 -31.8253 -25.9211 -15.6722  
-32 -31.8253 -25.9211 -15.6722  
-32 -31.8253 -25.9211 -15.6722  
-32 -31.8253 -25.9211 -15.6722  
-32 -31.8253 -25.9211 -15.6722  
-32 -31.8253 -25.9211 -15.6722  
-32 -31.8253 -25.9211 -15.6722  
-32 -31.8253 -25.9211 -15.6722  
-32 -31.8253 -25.9211 -15.6722  
-32 -31.8087 -27.3653 -16.5064  
-32 -31.824 -27.157 -16.3651  
-32 -31.824 -27.157 -16.3651  
-32 -31.824 -27.157 -16.3651  
-32 -31.824 -27.157 -16.3651  
-32 -31.824 -27.157 -16.3651  
-32 -31.824 -27.157 -16.3651  
-32 -31.824 -27.157 -16.3651  
-32 -31.824 -27.157 -16.3651  
-32 -31.824 -27.157 -16.3651  
-32 -31.824 -27.157 -16.3651  
-32 -31.824 -27.157 -16.3651  
-32 -31.824 -27.157 -16.3651  
-32 -31.824 -27.157 -16.3651  
-32 -31.824 -27.157 -16.3651  
-32 -31.824 -27.157 -16.3651  
-32 -31.824 -27.157 -16.3651  
-32 -31.824 -27.157 -16.3651  
-32 -31.824 -27.157 -16.3651  
-32 -31.824 -27.157 -16.3651  
-32 -31.824 -27.157 -16.3651  
-32 -31.824 -27.157 -16.3651  
-32 -31.824 -27.157 -16.3651  
-32 -31.824 -27.157 -16.3651  
-32 -31.824 -27.157 -16.3651  
-32 -31.824 -27.157 -16.3651  
-32 -31.824 -27.157 -16.3651  
-32 -31.824 -27.157 -16.3651  
-32 -31.824 -27.157 -16.3651  
-32 -31.824 -27.157 -16.3651  
-32 -31.817 -27.6241 -16.9145  
-32 -31.8235 -27.5541 -16.6722  
-32 -31.8235 -27.5541 -16.6722  
-32 -31.8235 -27.5541 -16.6722  
-32 -31.8235 -27.5541 -16.6722  
-32 -31.8235 -27.5541 -16.6722  
-32 -31.8235 -27.5541 -16.6722  
-32 -31.8235 -27.5541 -16.6722  
-32 -31.8235 -27.5541 -16.6722  
-32 -31.8235 -27.5541 -16.6722  
-32 -31.8235 -27.5541 -16.6722  
-32 -31.8235 -27.5541 -16.6722  
-32 -31.8235 -27.5541 -16.6722  
-32 -31.8235 -27.5541 -16.6722  
-32 -31.8235 -27.5541 -16.6722  
-32 -31.8235 -27.5541 -16.6722  
-32 -31.8235 -27.5541 -16.6722  
-32 -31.8235 -27.5541 -16.6722  
-32 -31.8235 -27.5541 -16.6722  
-32 -31.8235 -27.5541 -16.6722  
-32 -31.8235 -27.5541 -16.6722  
-32 -31.8235 -27.5541 -16.6722  
-32 -31.8235 -27.5541 -16.6722  
-32 -31.8235 -27.5541 -16.6722  
-32 -31.8235 -27.5541 -16.6722  
-32 -31.8235 -27.5541 -16.6722  
-32 -31.8235 -27.5541 -16.6722  
-32 -31.8235 -27.5541 -16.6722  
-32 -31.8235 -27.5541 -16.6722  
-32 -31.8235 -27.5541 -16.6722  
