0.1 1.23333 2.36667 3.5  
0.1 1.12053 1.84539 2.8096  
0.1 1.12053 1.84539 2.8096  
0.1 1.12053 1.84539 2.8096  
0.1 1.12053 1.84539 2.8096  
0.1 1.12053 1.84539 2.8096  
0.1 1.12053 1.84539 2.8096  
0.1 1.12053 1.84539 2.8096  
0.1 1.12053 1.84539 2.8096  
0.1 1.12053 1.84539 2.8096  
0.1 1.12053 1.84539 2.8096  
0.1 1.12053 1.84539 2.8096  
0.1 1.12053 1.84539 2.8096  
0.1 1.12053 1.84539 2.8096  
0.1 1.12053 1.84539 2.8096  
0.1 1.12053 1.84539 2.8096  
0.1 1.12053 1.84539 2.8096  
0.1 1.12053 1.84539 2.8096  
0.1 1.12053 1.84539 2.8096  
0.1 1.12053 1.84539 2.8096  
0.1 1.12053 1.84539 2.8096  
0.1 1.12053 1.84539 2.8096  
0.1 1.12053 1.84539 2.8096  
0.1 1.12053 1.84539 2.8096  
0.1 1.12053 1.84539 2.8096  
0.1 1.12053 1.84539 2.8096  
0.1 1.12053 1.84539 2.8096  
0.1 1.12053 1.84539 2.8096  
0.1 1.12053 1.84539 2.8096  
0.1 1.12053 1.84539 2.8096  
0.1 1.12053 1.84539 2.8096  
0.1 1.26573 1.93249 2.7746  
0.1 1.26573 1.93249 2.7746  
0.1 1.26573 1.93249 2.7746  
0.1 1.26573 1.93249 2.7746  
0.1 1.26573 1.93249 2.7746  
0.1 1.26573 1.93249 2.7746  
0.1 1.26573 1.93249 2.7746  
0.1 1.26573 1.93249 2.7746  
0.1 1.26573 1.93249 2.7746  
0.1 1.26573 1.93249 2.7746  
0.1 1.26573 1.93249 2.7746  
0.1 1.26573 1.93249 2.7746  
0.1 1.26573 1.93249 2.7746  
0.1 1.26573 1.93249 2.7746  
0.1 1.26573 1.93249 2.7746  
0.1 1.26573 1.93249 2.7746  
0.1 1.26573 1.93249 2.7746  
0.1 1.26573 1.93249 2.7746  
0.1 1.26573 1.93249 2.7746  
0.1 1.26573 1.93249 2.7746  
0.1 1.26573 1.93249 2.7746  
0.1 1.26573 1.93249 2.7746  
0.1 1.26573 1.93249 2.7746  
0.1 1.26573 1.93249 2.7746  
0.1 1.26573 1.93249 2.7746  
0.1 1.26573 1.93249 2.7746  
0.1 1.26573 1.93249 2.7746  
0.1 1.26573 1.93249 2.7746  
0.1 1.26573 1.93249 2.7746  
0.1 1.26573 1.93249 2.7746  
0.1 1.17243 1.96799 2.7853  
0.1 1.17243 1.96799 2.7853  
0.1 1.17243 1.96799 2.7853  
0.1 1.17243 1.96799 2.7853  
0.1 1.17243 1.96799 2.7853  
0.1 1.17243 1.96799 2.7853  
0.1 1.17243 1.96799 2.7853  
0.1 1.17243 1.96799 2.7853  
0.1 1.17243 1.96799 2.7853  
0.1 1.17243 1.96799 2.7853  
0.1 1.17243 1.96799 2.7853  
0.1 1.17243 1.96799 2.7853  
0.1 1.17243 1.96799 2.7853  
0.1 1.17243 1.96799 2.7853  
0.1 1.17243 1.96799 2.7853  
0.1 1.17243 1.96799 2.7853  
0.1 1.17243 1.96799 2.7853  
0.1 1.17243 1.96799 2.7853  
0.1 1.17243 1.96799 2.7853  
0.1 1.17243 1.96799 2.7853  
0.1 1.17243 1.96799 2.7853  
0.1 1.17243 1.96799 2.7853  
0.1 1.17243 1.96799 2.7853  
0.1 1.17243 1.96799 2.7853  
0.1 1.17243 1.96799 2.7853  
0.1 1.17243 1.96799 2.7853  
0.1 1.17243 1.96799 2.7853  
0.1 1.17243 1.96799 2.7853  
0.1 1.17243 1.96799 2.7853  
0.1 1.17243 1.96799 2.7853  
0.1 1.13443 1.98189 2.8036  
0.1 1.13443 1.98189 2.8036  
0.1 1.13443 1.98189 2.8036  
0.1 1.13443 1.98189 2.8036  
0.1 1.13443 1.98189 2.8036  
0.1 1.13443 1.98189 2.8036  
0.1 1.13443 1.98189 2.8036  
0.1 1.13443 1.98189 2.8036  
0.1 1.13443 1.98189 2.8036  
0.1 1.13443 1.98189 2.8036  
0.1 1.13443 1.98189 2.8036  
0.1 1.13443 1.98189 2.8036  
0.1 1.13443 1.98189 2.8036  
0.1 1.13443 1.98189 2.8036  
0.1 1.13443 1.98189 2.8036  
0.1 1.13443 1.98189 2.8036  
0.1 1.13443 1.98189 2.8036  
0.1 1.13443 1.98189 2.8036  
0.1 1.13443 1.98189 2.8036  
0.1 1.13443 1.98189 2.8036  
0.1 1.13443 1.98189 2.8036  
0.1 1.13443 1.98189 2.8036  
0.1 1.13443 1.98189 2.8036  
0.1 1.13443 1.98189 2.8036  
0.1 1.13443 1.98189 2.8036  
0.1 1.13443 1.98189 2.8036  
0.1 1.13443 1.98189 2.8036  
0.1 1.13443 1.98189 2.8036  
0.1 1.13443 1.98189 2.8036  
